   25.000000000000000        0.0000000000000000        0.0000000000000000        0.0000000000000000        8245.0169999999998        22101.279999999999        24273.080000000002        0.0000000000000000        0.0000000000000000        0.0000000000000000        0.0000000000000000        0.0000000000000000        0.0000000000000000     
   26.000000000000000        0.0000000000000000        0.0000000000000000        0.0000000000000000        15857.470496474751        26743.309508827868        26844.222743717561        0.0000000000000000        0.0000000000000000        0.0000000000000000        1.0199999999999902        1.0199999999999845        1.0199999999999847     
   27.000000000000000        0.0000000000000000        0.0000000000000000       1.80608365019011390E-002   24047.867987225207        30611.668942854012        28122.881799287155        0.0000000000000000        0.0000000000000000       1.27144725743095887E-002   1.0199999999999902        1.0199999999999845        1.0199672568873019     
   28.000000000000000        0.0000000000000000       3.15884476534296008E-003  8.36899667142177867E-002   31479.435630001182        34561.140573305951        29419.847991459836        0.0000000000000000       2.12380828713070293E-003  5.46659528162623670E-002   1.0199999999999902        1.0199294994775316        1.0205185685635745     
   29.000000000000000        0.0000000000000000       1.76072234762979681E-002  0.14659685863874344        35278.154499143493        37948.294308370445        31603.196323746444        0.0000000000000000       9.80260300894771411E-003  0.11878095270346145        1.0199999999999902        1.0199761625311310        1.0207601784738134     
   30.000000000000000       1.47492625368731561E-003  3.56820234869015332E-002  0.18809523809523809        39449.390062631326        42434.331402673037        31542.763599428825       1.30151201674238255E-003  3.05121832551868942E-002  0.16362655387300257        1.0197998369868462        1.0202929171066581        1.0233143303790517     
   31.000000000000000       1.47492625368731561E-003  6.59439927732610592E-002  0.21714285714285714        42068.059232256506        47386.634763984570        31896.850516010101       1.43437453032535240E-003  5.65283081736577264E-002  0.20255300037643414        1.0196090780577305        1.0203319839847480        1.0247706833167711     
   32.000000000000000       5.89970501474926245E-003  0.10347943967464980       0.24714285714285714        45153.265803322320        49868.192783695609        32020.713491108596       5.44341396270942891E-003  8.76943352032577700E-002  0.23117196041190760        1.0201668525839445        1.0224082753399766        1.0250396884885649     
   33.000000000000000       2.36336779911373723E-002  0.13155515370705245       0.27346355407336825        49165.213739419625        53514.060775467457        35137.264142022788       1.38836182385755607E-002  0.11860923126447762       0.25635864740046699        1.0207887497724983        1.0221715211412217        1.0246888480526224     
   34.000000000000000       5.02215657311669145E-002  0.15777576853526221       0.31014768937589327        52182.793925785867        56929.137313205152        36057.726357100080       3.82689078264291244E-002  0.14554109114289052       0.29545353567449117        1.0193424827868836        1.0237641741283137        1.0299081090547664     
   35.000000000000000       5.92592592592592615E-002  0.18272274988692899       0.34938036224976166        52819.452491229589        62230.149171793186        40368.171059176282       4.99523769313761148E-002  0.16893276912955416       0.32833263348280989        1.0202258961916779        1.0274012655407319        1.0295728621611961     
   36.000000000000000       8.00000000000000017E-002  0.21266968325791855       0.37368922783603431        53957.965541803365        62972.545983146279        44844.019067180241       6.77641715649286019E-002  0.19600773312766484       0.35583712702994286        1.0227377773764676        1.0252089218558060        1.0285057262981780     
   37.000000000000000       0.10074074074074074       0.23449524671797192       0.39942802669208771        53465.455886086216        65790.198402220383        49446.329830934512       8.94562906397420587E-002  0.22102473253853891       0.38060856327226006        1.0213850903739621        1.0266003391037994        1.0358548496459838     
   38.000000000000000       0.12000000000000000       0.25124490719782705       0.41957040572792365        54813.974323442490        68528.397654543092        55988.844420415873       0.10632299825072973       0.23672451850698700       0.40497413968795098        1.0222347271630510        1.0277305812843918        1.0344425324651223     
   39.000000000000000       0.13333333333333333       0.27367467149977343       0.44317096466093603        59980.735531265338        72574.407357102478        63616.788368838861       0.12256146121453490       0.25899422969793667       0.42325552385390403        1.0272053752157260        1.0294534953794989        1.0309193286134986     
   40.000000000000000       0.14814814814814814       0.29179882193022200       0.46131805157593125        61157.397258166784        76633.124838664124        68345.190450792143       0.13603760071842708       0.27526713447981616       0.45044185340975551        1.0227302705900971        1.0286898281146115        1.0339166268466542     
   41.000000000000000       0.16148148148148148       0.31547889241942806       0.47848948374760997        63387.613534032862        81654.731341220540        74065.983164922058       0.14632365507452938       0.29758147495391751       0.46739272613570265        1.0265043328000627        1.0307181060034778        1.0399913987666063     
   42.000000000000000       0.17087667161961367       0.33878292461398729       0.48659003831417624        64956.026949090876        84360.859844498758        82736.408795479569       0.15863454512142539       0.31645019823544296       0.47844981320466085        1.0257631057187280        1.0261706963264652        1.0331750207162369     
   43.000000000000000       0.18424962852897475       0.35756474329850069       0.50909961685823757        69078.584255226582        87391.202988155987        87985.608612997778       0.16738119456643760       0.33874490954588710       0.49757312848013768        1.0256588929492629        1.0297575600099680        1.0377089461769382     
   44.000000000000000       0.19104477611940299       0.37255792821444800       0.53330138955438433        71693.355985669303        93157.420501056666        93493.171070551442       0.17837749028611422       0.35449104601821968       0.52071128208938267        1.0273558300834220        1.0301397064057705        1.0355434251085982     
   45.000000000000000       0.19701492537313434       0.39217470427661510       0.54868105515587529        75158.846391153580        97351.070263103858        103972.20686704364       0.18341597302735060       0.37233700370077172       0.53925581488243446        1.0317395376834388        1.0375766696663682        1.0384633281999123     
   46.000000000000000       0.20958083832335328       0.40583675330597357       0.56216994719155067        75537.158789208159        102268.47814823824        117756.74230945813       0.19108562066664100       0.38696319857544342       0.55105805184018475        1.0250467106716872        1.0384715356165388        1.0450649287186515     
   47.000000000000000       0.22372372372372373       0.42230347349177333       0.58089294287085935        77647.055551102356        105128.94440626926        125359.88731719900       0.20134176434610032       0.39561202405916263       0.57030863443059288        1.0216949261242494        1.0357332988060111        1.0411027034030020     
   48.000000000000000       0.24397590361445784       0.43183897529734677       0.60489678348535769        79824.278300001752        109197.40366588523        140929.11618083782       0.21632031493895532       0.40569905659918726       0.58673705465629700        1.0333757962750860        1.0365902182623690        1.0393568241789255     
   49.000000000000000       0.25150602409638556       0.44475011462631819       0.61952861952861948        80295.516215028212        111394.39175270713        152223.83511072322       0.22651913309890512       0.41265942125599903       0.60200217876685780        1.0295502459265322        1.0333173808928211        1.0409536045315466     
   50.000000000000000       0.25226586102719034       0.45630174793008282       0.63535645472061653        84944.093432597918        117674.03646809577        165521.38254332740       0.22895741969892117       0.42311397709349502       0.61386010593971085        1.0285935662710839        1.0359881477928408        1.0436048720591005     
   51.000000000000000       0.26403641881638845       0.46217712177121772       0.64705882352941180        86555.978812350993        121350.87393270264        178094.73973082419       0.23396479132917958       0.42761660295407761       0.62268904737813324        1.0337409096198733        1.0362245010831728        1.0450537894052361     
   52.000000000000000       0.27853881278538811       0.46534195933456562       0.65780570323827936        86009.391459161794        128685.47273010413        192789.74406070836       0.24266743114142872       0.43012753741469406       0.62685591300308607        1.0283386767761407        1.0389851266764332        1.0444137588852564     
   53.000000000000000       0.28374233128834359       0.47287899860917942       0.66828087167070216        85638.523378467769        136055.35306410611        205836.44313564303       0.24878633099837225       0.42860448724446659       0.62768096015894526        1.0267808982057403        1.0363858156687207        1.0445429488089042     
   54.000000000000000       0.28461538461538460       0.47723048327137546       0.67877906976744184        91436.734641289382        143900.28512631642        229076.50735280197       0.24899776814582311       0.42699821269055266       0.62807976265901511        1.0289361441649301        1.0421875384676937        1.0441441511820873     
   55.000000000000000       0.28438948995363217       0.48022335970218705       0.68300970873786404        94717.099163016261        150768.61405748961        241194.37192610512       0.24537079692955382       0.42237591413163061       0.62576669281396058        1.0330746702652678        1.0349593907494137        1.0463322756900957     
   56.000000000000000       0.28705148205928238       0.48158508158508156       0.68615984405458086        95027.771180408265        156771.73998909423        253724.69212798757       0.23936151658749022       0.41768176967818077       0.61930736579096657        1.0373423362990035        1.0332139663268736        1.0434812812956766     
   57.000000000000000       0.28749999999999998       0.48271028037383179       0.68701171875000000        97422.104367976150        164030.70769467176        271240.40255756601       0.23373146702576167       0.41321086713726574       0.60496394546488874        1.0346997385197556        1.0376600043929733        1.0459919541395639     
   58.000000000000000       0.28526645768025077       0.48474894415767245       0.68826705940108002        100800.97081314391        169248.75103969884        287586.78336741909       0.22735369884180695       0.40552627521432849       0.59037685520808336        1.0275913691586123        1.0389121917664779        1.0437538954060679     
   59.000000000000000       0.28459119496855345       0.48536355051935787       0.68965517241379315        105794.81558103996        173504.44868444058        298630.56390770985       0.22007022094474643       0.39614914016618491       0.57610453611764734        1.0281786638999213        1.0344070977004174        1.0406088178491939     
   60.000000000000000       0.28797468354430378       0.48546927108146737       0.68922924901185767        110243.36253464948        179611.15225092386        314614.94692953222       0.21382282199778807       0.38407516044694451       0.55602122493685135        1.0315249381220382        1.0369969019153655        1.0374103822827734     
   61.000000000000000       0.28365384615384615       0.48444231689803735       0.68725099601593620        122035.34375597280        190120.52666295914        327182.13099633344       0.20408070523890529       0.37128921540689197       0.53916675839964956        1.0294750390596907        1.0341490813338228        1.0389064235374366     
   62.000000000000000       0.27993527508090615       0.48385542168674700       0.68731268731268735        126169.15828009367        198497.03120468973        344817.05557417846       0.19384533817948668       0.35795543583257261       0.51817306326700419        1.0275953623806622        1.0338013245963356        1.0357545212485859     
   63.000000000000000       0.28013029315960913       0.48322800194457949       0.68687374749498997        125677.28459404557        203766.32676970054        364596.30335061683       0.18613108132606623       0.34378815873688950       0.49366735374159160        1.0274859158010463        1.0358636360199445        1.0432035809979936     
   64.000000000000000       0.28150572831423898       0.48264058679706601       0.68484848484848482        132357.82242052440        209193.47818338790        381320.32462309999       0.17867244020128595       0.32847918828641898       0.46746046957636100        1.0271006404122798        1.0339254897836545        1.0389556274216885     
   65.000000000000000       0.28405315614617938       0.48466864490603362       0.68613509395632299        123817.66898226814        204043.32400282723        369647.59197715565       0.17580682611105813       0.31315618342283691       0.43763457021156538        1.0263489144822560        1.0314167314533422        1.0391764745067849     
   66.000000000000000       0.28499156829679595       0.48475762118940530       0.68485466598674150        116412.49756944762        194471.46803016486        360839.08831906854       0.17466610376009575       0.31123934826414063       0.43803746038218327        1.0270762770622803        1.0351677078693722        1.0379862346699604     
   67.000000000000000       0.28865979381443296       0.48328267477203646       0.68431876606683806        108718.58850882256        185615.89455127297        349678.84337085899       0.17876707783939458       0.31096851812692855       0.43778561654422532        1.0265980020508876        1.0357341877246751        1.0346395080063224     
   68.000000000000000       0.28970331588132636       0.47950819672131145       0.68401874023945863        101358.09806184749        175051.03523315975        336352.03346630785       0.17974496004874646       0.30693683193930349       0.43770931038687827        1.0276083649064394        1.0322576226024529        1.0373169885209470     
   69.000000000000000       0.29129662522202487       0.47875647668393784       0.68258132214060863        87862.646025750320        165854.74585746639        323507.55949955282       0.18518118263758515       0.30969599130884878       0.43531319695704546        1.0270833685841079        1.0359778263535326        1.0377329938732227     
   70.000000000000000       0.29166666666666669       0.47496046389035318       0.68201058201058196        81441.287727739851        155704.55297055701        315111.91269757703       0.18415956436061387       0.30676277736158136       0.43599984036606881        1.0280031659405919        1.0303748241051123        1.0372303103598304     
   71.000000000000000       0.29664179104477612       0.47002141327623126       0.68077129084092125        76260.620867228063        144462.66079868012        299116.84017289476       0.18666146963294583       0.30303079728202886       0.43502872564169870        1.0265449627881564        1.0355018782997651        1.0399986531384462     
   72.000000000000000       0.29198473282442750       0.46663019693654267       0.68060836501901145        69341.286135925882        135367.08266711776        287516.11993077368       0.18290920178931722       0.30044830866341365       0.43284038868866276        1.0257302509167967        1.0381788687816256        1.0376625354827251     
   73.000000000000000       0.28149606299212598       0.46406685236768802       0.67973495306460519        62773.791942457421        126159.88214402742        275562.75541444868       0.17732486975663631       0.30180623096627385       0.43171562377859340        1.0259561202094891        1.0372625199931047        1.0370404366304169     
   74.000000000000000       0.27698574338085541       0.45527065527065524       0.67738296672306819        57849.389414798956        115283.96146222594        263553.41504596628       0.17004292838132992       0.29698489637302783       0.43053915623835437        1.0246164544038345        1.0314925291902446        1.0407646913885289     
   75.000000000000000       0.27310924369747897       0.44758539458186103       0.67834577828834008        52093.978409504387        105921.98416508164        249616.49711869049       0.17287305426722288       0.29373731078107357       0.43818138846103849        1.0240444619243854        1.0303902869552579        1.0385236666757904     
   76.000000000000000       0.26739130434782610       0.44565217391304346       0.67177371832645849        43882.941607553425        97298.676785167016        236582.03685187263       0.16700256663479554       0.29572685199705823       0.43264286967848786        1.0262574633756927        1.0322992340921715        1.0379754480864467     
   77.000000000000000       0.26077097505668934       0.44027517198248906       0.66706803130644188        38536.206022079998        85189.050639895926        217699.98864164780       0.16493328431710250       0.28914866911921305       0.43497682441615637        1.0254010707582464        1.0333959119137230        1.0378183656711235     
   78.000000000000000       0.25707547169811323       0.42755956213779783       0.66048237476808902        33587.422513923440        75991.612321087217        203492.57952265543       0.16458829980192388       0.28411032365967198       0.43709475463902647        1.0252181662522994        1.0302943848669188        1.0376067073783271     
   79.000000000000000       0.24688279301745636       0.42250673854447440       0.65283982131461393        26610.384222979967        66651.192737319871        185359.91883903526       0.15194052459484098       0.28120721555855088       0.43602593073483359        1.0217297365427740        1.0302743989372480        1.0360126718124691     
   80.000000000000000       0.22997416020671835       0.41007697690692790       0.63690476190476186        21137.714813561128        58921.653874705495        170166.84728041879       0.14000224611375547       0.26935924664735245       0.42850601238017344        1.0232797445456641        1.0301798864361520        1.0374622839426064     
   81.000000000000000       0.22739726027397261       0.40088105726872247       0.61833105335157323        15865.007702768455        51478.266847554391        157707.28246718721       0.13778296868767334       0.25422298854799003       0.41980263890914443        1.0241111309328859        1.0283891241936720        1.0355112372886190     
   82.000000000000000       0.21764705882352942       0.36625194401244165       0.60228898426323318        12619.734910544979        43650.538742458892        136951.77169995318       0.12274985868175166       0.23228890578215608       0.40734803917459572        1.0252836439084712        1.0280840961812336        1.0377517824778628     
   83.000000000000000       0.18530351437699680       0.34124386252045824       0.58233532934131738        8091.2161906020256        37001.632061937373        123992.73947834398       0.10210808794994258       0.20990120799880510       0.39343395055790653        1.0236146957714305        1.0265255349692624        1.0339921390862279     
   84.000000000000000       0.17123287671232876       0.32212389380530976       0.55686274509803924        5056.3724355212817        29987.174262264820        102988.50298592713       8.88504059513199607E-002  0.18371755273314733       0.36344411829885581        1.0239398244848061        1.0276604142995023        1.0325145780809919     
   85.000000000000000       0.15555555555555556       0.30038387715930903       0.52548036758563077        3572.1173165481578        24380.704995753098        87767.845010805293       8.13606748863761053E-002  0.16077613963619744       0.33514827574405420        1.0216157265420731        1.0257347030070301        1.0362230325252242     
   86.000000000000000       0.14919354838709678       0.27795193312434691       0.49469026548672568        857.66959582343156        19668.934197915762        74476.088875165646       7.39019838855690669E-002  0.14318104928159409       0.29809694411056292        1.0228798554246572        1.0253319153150751        1.0304881881156063     
   87.000000000000000       0.15044247787610621       0.23905723905723905       0.45219885277246652        561.53514126616778        13314.776802798295        60604.090406276460       7.15861770329495606E-002  0.11397789746592385       0.25186883144561950        1.0213261579665784        1.0240261684201688        1.0266231813719082     
   88.000000000000000       0.11734693877551021       0.20668316831683167       0.42303664921465967        362.24632462538136        9416.3052040476468        47195.254339573003       5.71371851912347017E-002  9.73093669317428717E-002  0.22899610454637631        1.0219845322319139        1.0215160691487715        1.0247493120731459     
   89.000000000000000       9.94152046783625676E-002  0.17083333333333334       0.39215686274509803        200.79196921196930        4488.4937118727767        35868.850082854988       4.05996978940830755E-002  8.38564797030229570E-002  0.21173317777758277        1.0229977220409354        1.0253586446567453        1.0274749945185289     
   90.000000000000000       8.78378378378378427E-002  0.13793103448275862       0.35166240409207161        45.198093965866597        1236.7795867244117        24733.226414836579       3.08473988673343413E-002  5.95403739543100552E-002  0.18261187573650894        1.0235270036804418        1.0234316321897219        1.0237184344585704     
