   25.000000000000000        0.0000000000000000        0.0000000000000000        0.0000000000000000        8245.0169999999998        22101.279999999999        24273.080000000002        0.0000000000000000        0.0000000000000000        0.0000000000000000        8245.0169999999998        22101.279999999999        24273.080000000002        0.0000000000000000        0.0000000000000000        0.0000000000000000        8245.0169999999998        22101.279999999999        24273.080000000002     
   26.000000000000000       5.45722713864306777E-002  0.37635379061371843       0.41112167300380226        10034.678503072266        21479.251281988305        23165.458950969823       0.54277286135693215       0.75451263537906132       0.71768060836501901        10589.819617455516        22170.985483906221        24733.121682098961        0.0000000000000000        0.0000000000000000        0.0000000000000000        10037.311878750756        21457.756218396844        23179.358008031497     
   27.000000000000000       8.11209439528023657E-002  0.36913357400722024       0.41349809885931560        12517.180922794883        19845.413197011851        21741.014859674913       0.55457227138643073       0.78519855595667865       0.75665399239543729        14732.353312965966        22508.295058801625        25413.983786021214        0.0000000000000000       9.47653429602888023E-003  6.65399239543726234E-002   12515.170550328954        19870.739557193960        21607.829935502697     
   28.000000000000000       0.10029498525073746       0.40523465703971118       0.42082738944365194        14318.215481242827        19028.308700036345        19436.780326543791       0.57669616519174038       0.80234657039711188       0.76509747979077514        16595.345799043003        24263.344127456861        27069.948844420978        0.0000000000000000       3.97111913357400745E-002  0.12315739419876368        14317.249251419700        19625.173206485728        20495.952930421987     
   29.000000000000000       0.13274336283185842       0.41128668171557564       0.42884340790099951        14293.274931109929        18122.471029332650        16996.803642404269       0.59292035398230092       0.81038374717832962       0.77582103760114229        18246.175302010572        26691.079333148187        27480.200203617991       1.47492625368731561E-003  6.36568848758465033E-002  0.16420752022846263        14524.836589650924        19800.754695189644        18348.478143515891     
   30.000000000000000       0.17551622418879056       0.48328816621499548       0.44142857142857145        14222.607540481577        18554.607778594425        15981.171924807775       0.60619469026548678       0.80126467931345979       0.81999999999999995        19515.813144972155        30104.687745174062        29449.431597399140       4.42477876106194684E-003  9.84643179765131021E-002  0.19000000000000000        14217.855832705827        20413.111832703016        17304.699416746986     
   31.000000000000000       0.20796460176991149       0.49548328816621501       0.45714285714285713        12255.223166626272        18508.095141398800        14998.473666221344       0.59292035398230092       0.80894308943089432       0.84047619047619049        20021.854292771983        33185.839280202221        30974.400279972207       3.09734513274336279E-002  0.11878952122854562       0.21380952380952381        12266.511974640647        19381.333443741103        15950.887020495418     
   32.000000000000000       0.22418879056047197       0.49661093538183460       0.47142857142857142        12227.744707626600        18406.084024071828        13238.085924088509       0.61504424778761058       0.80885675553547220       0.89619047619047620        20840.194958547225        35863.841091102964        34418.397444183174       5.75221238938053089E-002  0.14053321283325801       0.22380952380952382        12212.438324439565        19547.007443534938        14176.901736181637     
   33.000000000000000       0.25406203840472674       0.50723327305605792       0.48308718437351117        12411.989066028904        17847.366715908985        11883.251428615733       0.61447562776957165       0.81329113924050633       0.89328251548356363        24524.269982739104        39683.304046956175        37658.943674320035       7.82865583456425346E-002  0.18173598553345388       0.25107193901858027        12388.174384471038        19218.536693941376        12836.842041186004     
   34.000000000000000       0.33825701624815363       0.50632911392405067       0.50786088613625535        13663.472744159246        17589.570403660393        10718.292640006708       0.62186115214180204       0.82097649186256783       0.88756550738446882        26188.130357978513        44866.516886082987        42378.281384295165       9.60118168389955673E-002  0.20660036166365281       0.26155312053358742        13648.877505894385        19234.713713748723        11134.664719170842     
   35.000000000000000       0.34074074074074073       0.52329262777023966       0.64013346043851282        12988.585121109158        17299.412636305478        11026.743586378354       0.63407407407407412       0.81999095431931257       0.88941849380362248        27832.841183073149        48388.167861726521        47814.615152626880       0.11407407407407408       0.21890547263681592       0.29170638703527169        12972.946791117702        19025.155775274874        11594.784169515338     
   36.000000000000000       0.34666666666666668       0.53031674208144797       0.67540514775977123        12344.882598382534        18394.653774935949        12677.584937429314       0.63259259259259260       0.82850678733031680       0.89275500476644420        30900.944403485450        53260.286572517041        55684.554845404797       0.13481481481481480       0.24479638009049773       0.31172545281220210        12350.265967164829        20623.157291454554        12309.025844430722     
   37.000000000000000       0.35407407407407410       0.54187415119963789       0.68636796949475687        12456.821868317909        18965.510230784606        15275.689057412197       0.63851851851851849       0.83295608872793114       0.89418493803622501        34009.994760968053        57784.844649381012        63252.626929700389       0.15851851851851853       0.26663648709823451       0.34032411820781699        12425.694706996586        19992.884683111930        13015.267260478340     
   38.000000000000000       0.40592592592592591       0.55047532820280665       0.69642004773269695        12190.136940892717        21378.385009158726        17717.160494953052       0.70666666666666667       0.84065187867813496       0.89976133651551315        38638.410522536840        64167.261956573799        71307.106214270578       0.18518518518518517       0.28655500226346764       0.36038186157517899        12547.273712308548        22777.559552847164        15773.494769850122     
   39.000000000000000       0.42222222222222222       0.56184866334390571       0.69579751671442214        12676.862588077047        23876.095453430822        21993.672927346553       0.70962962962962961       0.84503851381966466       0.90162368672397331        41979.186408611509        71496.808616055889        79975.306708950098       0.19851851851851851       0.30765745355686452       0.38156638013371535        13396.066965828710        24665.649574321778        17854.905744807991     
   40.000000000000000       0.43259259259259258       0.56683280471227915       0.69818529130850049        12832.776683906248        26184.933181450651        25596.421350475139       0.72296296296296292       0.84821024014499324       0.90830945558739251        44566.664190738367        78361.196917784895        89832.333852108903       0.20888888888888890       0.32850022655188038       0.41786055396370581        13204.899096076406        26234.635133120577        21288.514075294632     
   41.000000000000000       0.44888888888888889       0.58511121198365867       0.69980879541108987        12798.946841399293        29114.915354050201        28565.071234760086       0.72444444444444445       0.85020426690876083       0.91539196940726575        44877.014157334692        84624.685861374470        98707.192345345917       0.22222222222222221       0.34679981842941443       0.44359464627151052        14421.749929307403        27317.371659697612        27067.897672324973     
   42.000000000000000       0.46953937592867756       0.59355131698455954       0.70689655172413790        12834.427444139117        31374.989885023599        34652.509791510151       0.73551263001485889       0.85921889191643963       0.91906130268199238        48230.822364652813        90824.049722148891        110991.27233850191       0.23179791976225855       0.36739327883742051       0.45498084291187740        15072.038606141074        28782.258625598213        32698.800519455908     
   43.000000000000000       0.47845468053491830       0.61017719218537025       0.72174329501915713        14577.860777992111        35258.013920183759        40681.006469667147       0.75334323922734026       0.86415265788278051       0.92863984674329503        49441.293464863040        98721.439953221168        120484.38270165544       0.23774145616641901       0.38391640163562019       0.47365900383141762        17625.242181764701        30936.617332785114        40159.555111404763     
   44.000000000000000       0.48656716417910445       0.62335302135393000       0.72783900335409679        15774.572723996243        40909.315980352330        47686.319234496063       0.76417910447761195       0.87233075874602450       0.94106372783900338        53980.751567045867        108863.37625274000        131697.48038632624       0.24776119402985075       0.40663334847796456       0.49017728797316723        17492.800761944916        33268.807164180114        49983.453422306535     
   45.000000000000000       0.49552238805970150       0.63284804367606917       0.73812949640287773        16823.996399619828        45019.543866075408        56008.977215715735       0.76865671641791045       0.87761601455868976       0.94628297362110314        61539.522388115365        119001.28147137744        143504.90054025184       0.27313432835820894       0.43266606005459507       0.51798561151079137        19231.665907982584        36797.469735657782        58485.603298532937     
   46.000000000000000       0.49850299401197606       0.64341085271317833       0.74891982717234762        18511.173141496562        50210.609649771039        64531.758400950959       0.77245508982035926       0.88600091199270403       0.95151224195871342        69630.832610096491        123783.38851316503        156303.94727837082       0.29491017964071858       0.45234838121295029       0.53624579932789251        20268.733061406609        43744.211722625711        68451.067768274239     
   47.000000000000000       0.50750750750750750       0.64716636197440580       0.76044167066730672        20884.942386129776        55384.720763361816        69964.392806055344       0.77777777777777779       0.89259597806215718       0.95391262602016325        71900.517452923115        134582.95013647783        167695.29448606152       0.30480480480480482       0.47440585009140768       0.56120979356697076        20444.486524419266        47318.844472456818        79637.001666815355     
   48.000000000000000       0.52861445783132532       0.65462031107044827       0.76716274603936629        22164.296221692763        59902.698497645062        82601.833382818193       0.77861445783132532       0.89615736505032018       0.95727316370619298        82096.561217274211        140639.52469335712        181461.07537072708       0.32078313253012047       0.48902104300091492       0.58617378780604901        21551.237751128690        52906.735027004586        96298.521287961266     
   49.000000000000000       0.52259036144578308       0.66070609812012837       0.77633477633477632        24852.312233499873        63916.029758045173        90548.389139295497       0.78012048192771088       0.90050435580009169       0.96055796055796061        86971.019697783544        147375.42251307520        193733.84215057106       0.33433734939759036       0.50710683172856486       0.63540163540163541        23113.812062950572        58843.970765085614        104694.56020733858     
   50.000000000000000       0.52719033232628398       0.67801287948482059       0.78709055876685929        27877.160457508136        69825.831592247821        102374.30963062384       0.78247734138972813       0.90432382704691816       0.96050096339113678        95962.093488136219        153504.62984934699        207659.75777845274       0.36706948640483383       0.52437902483900645       0.65366088631984587        26255.247496803127        64036.504812087311        122103.97552152548     
   51.000000000000000       0.54172989377845215       0.67896678966789670       0.79459980713596912        29159.088118224561        75650.972021663547        115977.39127986698       0.78755690440060699       0.90867158671586712       0.96239151398264222        99295.490274180978        167542.17361065309        221483.77741314628       0.36874051593323215       0.53690036900369009       0.67888138862102221        28259.499646895198        71316.830620915251        135799.84291967176     
   52.000000000000000       0.55098934550989342       0.68438077634011085       0.80860318994683422        32736.097423833078        85531.529794522910        123990.47267664383       0.78691019786910199       0.91173752310536049       0.96230062832286134        108169.18120237881        176658.46486449524        237007.30391620545       0.38660578386605782       0.54805914972273573       0.69743837602706626        31032.876580901793        83073.476132460259        146846.56048025884     
   53.000000000000000       0.55521472392638038       0.69633750579508580       0.81452784503631959        37617.289980531532        91019.474655610349        137718.29949462780       0.79141104294478526       0.91469633750579504       0.96464891041162226        106354.40259422782        183702.10270655408        249908.49758339237       0.40337423312883436       0.56699119146963373       0.71380145278450369        33587.037883632533        89146.347159269659        162959.39011081308     
   54.000000000000000       0.55692307692307697       0.70027881040892193       0.81879844961240311        38467.800328135112        97122.494677351569        148370.82745746206       0.78923076923076918       0.91682156133828996       0.96414728682170547        114991.43179460979        195545.33489813021        268548.77167347667       0.41999999999999998       0.58085501858736055       0.73352713178294571        35687.008962866174        96904.505789539733        181386.32785327523     
   55.000000000000000       0.57032457496136013       0.70404839460214053       0.82621359223300972        42279.201148829219        104583.88531808640        163084.88193769060       0.79134466769706335       0.91763610981852028       0.96553398058252426        112941.80082096774        202766.66671372353        283743.13708138169       0.42503863987635238       0.59236854350860868       0.74368932038834956        39021.790912605997        108819.24362394122        201565.98587147333     
   56.000000000000000       0.56474258970358815       0.70675990675990674       0.83089668615984402        48865.964949377623        111924.36637375450        182171.83659823367       0.79563182527301091       0.91981351981351978       0.96637426900584800        120939.71420700787        212976.30096623913        301023.76087007264       0.43837753510140404       0.60699300699300696       0.75633528265107208        45426.597984494510        117103.20110071164        218263.32114769187     
   57.000000000000000       0.57499999999999996       0.70607476635514022       0.83642578125000000        52064.341001546592        117986.20776239420        199286.65909148415       0.80156249999999996       0.92102803738317762       0.96972656250000000        128274.04118000712        218454.56992531678        317964.00674149510       0.45468750000000002       0.61121495327102804       0.77148437500000000        50045.253473127595        125675.53523542268        236935.21424087361     
   58.000000000000000       0.57053291536050155       0.70764899108399815       0.83897889052528229        60510.828535237728        125251.41583623912        205645.50155978568       0.80407523510971790       0.92351008916001875       0.97152675503190966        125893.71966576975        229071.83719595266        327635.39496815740       0.45611285266457680       0.61614265603003282       0.77614138438880709        59357.964521281385        135490.98796395978        252455.27258219614     
   59.000000000000000       0.56761006289308180       0.70254957507082150       0.83743842364532017        67356.837912129296        131692.64934673376        218101.67718516939       0.79874213836477992       0.92256846081208688       0.97339901477832513        139728.81151892580        236813.74415218574        346524.12429219275       0.46069182389937108       0.62134088762983952       0.77832512315270941        67728.271018580039        140696.69034728469        266196.93723792129     
   60.000000000000000       0.56170886075949367       0.70223916150547883       0.83596837944664026        72894.011114645138        135799.15358885567        230952.85699013260       0.79588607594936711       0.92139113863744637       0.97480237154150196        145042.02023854331        245738.58646096473        356327.11769880413       0.46677215189873417       0.61886612672701291       0.78013833992094861        71617.705397186946        142850.10173114017        279813.11979447235     
   61.000000000000000       0.56250000000000000       0.69698420296792729       0.83715139442231079        80104.132788710645        141998.19242163177        246681.02319764899       0.79166666666666663       0.91718525610339874       0.97460159362549803        143773.04751919443        254022.09062572813        369385.95912691241       0.46314102564102566       0.61943513642891335       0.78386454183266929        80865.433348788414        155251.08044143039        293294.37812175462     
   62.000000000000000       0.55663430420711979       0.69156626506024099       0.83616383616383616        82645.068822304806        149260.94667254211        259401.62091599623       0.79126213592233008       0.91469879518072295       0.97552447552447552        148556.15839784726        257540.62888196833        377675.28011125780       0.45631067961165050       0.61734939759036145       0.78371628371628377        88565.468380198145        163290.37601359829        313706.14460681065     
   63.000000000000000       0.55211726384364823       0.68789499270782695       0.83617234468937873        90481.747916641849        158818.53826128575        283067.10949302057       0.77850162866449513       0.91200777831793878       0.97545090180360716        155045.42260232911        273363.89440359600        407793.21591086505       0.44788273615635177       0.61643169664560038       0.78306613226452904        91158.704615261580        171645.95108911718        333909.70414738206     
   64.000000000000000       0.54991816693944351       0.68508557457212715       0.83282828282828281        102095.34134175535        163402.43178382132        290930.85028354300       0.77905073649754497       0.91100244498777505       0.97373737373737379        168755.42274366954        276888.57635828498        417744.16708508285       0.45008183306055649       0.61369193154034229       0.78080808080808084        100379.95665511944        180618.33674727500        345821.98476269667     
   65.000000000000000       0.54983388704318936       0.68496538081107816       0.83392585068562719        95223.421418848928        155878.92395391531        283441.17250769376       0.78073089700996678       0.90751730959446097       0.97511427120365668        164678.68691838387        271539.15508004208        416552.81744607724       0.45016611295681064       0.61226508407517310       0.78110716099542921        94745.741471900983        177391.10288994762        346804.84696629707     
   66.000000000000000       0.54637436762225966       0.68015992003998005       0.83324834268230497        87604.338043379452        150792.94791398844        269280.29445373337       0.78077571669477230       0.90904547726136931       0.97552269250382462        160204.69494290403        261761.83550251543        408505.23666749144       0.44519392917369310       0.60919540229885061       0.77868434472208059        86810.426415752241        170430.41287292275        335902.40725284303     
   67.000000000000000       0.54467353951890030       0.68034447821681865       0.83290488431876608        83050.440304023214        142095.19322703942        263262.76406623179       0.78006872852233677       0.90628166160081058       0.97583547557840622        161018.03248562216        255832.83529828460        396025.53530023625       0.44501718213058417       0.60739614994934144       0.77789203084832903        81522.839764705888        159743.88020563876        328994.66910701059     
   68.000000000000000       0.54450261780104714       0.67776639344262291       0.83342009370119730        75655.575462667941        136317.11465601926        248486.21097018430       0.77835951134380454       0.90625000000000000       0.97553357626236337        149767.10688262491        243030.41117141809        378800.79865867901       0.44502617801047123       0.60450819672131151       0.77771993753253510        74452.638264845737        150809.61401367080        310721.83899620362     
   69.000000000000000       0.53463587921847244       0.67512953367875650       0.83368310598111228        69819.047564133507        131451.36746091011        239798.60809474566       0.77087033747779754       0.90466321243523318       0.97586568730325285        141411.19576961838        241411.16098371721        372427.50218312675       0.43872113676731794       0.60155440414507777       0.77754459601259185        66205.251577102259        146266.76611466985        302331.33723139076     
   70.000000000000000       0.52536231884057971       0.67000527148128619       0.83280423280423277        62368.981342086576        122963.97082465520        230631.78227079008       0.76449275362318836       0.90511333684765416       0.97566137566137567        134316.20268849417        226072.69936276920        361710.25847986137       0.43297101449275360       0.59831312598840269       0.77671957671957670        59012.936535825575        134655.02466425579        297186.46741019469     
   71.000000000000000       0.51865671641791045       0.66434689507494649       0.83288698446705944        54649.115910908651        115232.29190595295        216247.12536193611       0.76119402985074625       0.90310492505353324       0.97429030530262450        129156.69770066593        221247.58030864713        346209.64942517935       0.43470149253731344       0.59261241970021417       0.77236207820032132        53431.573210673596        128815.48284957650        279098.79523004318     
   72.000000000000000       0.50954198473282442       0.65754923413566735       0.83215643671917439        51643.261538818362        110443.37621635183        211079.85743140493       0.75763358778625955       0.89989059080962797       0.97338403041825095        122886.31029524792        211701.50980403350        343468.06835181866       0.42748091603053434       0.58698030634573306       0.77077675176534488        48363.395381526985        116457.23830564225        273969.65079264756     
   73.000000000000000       0.50393700787401574       0.65348189415041780       0.82937603533959137        44504.596536101977        104574.63099192480        197651.43870149451       0.74606299212598426       0.89749303621169918       0.97294312534511318        116537.46700357903        203889.58719319623        324585.94661072351       0.41929133858267714       0.58440111420612817       0.76974047487575925        41855.400908356576        114866.26806179334        257543.28815473407     
   74.000000000000000       0.49694501018329940       0.64558404558404558       0.82402707275803722        38762.207087290320        96864.091368258247        188893.31811401478       0.74338085539714871       0.89515669515669516       0.97123519458544838        107111.93901832418        194758.82287100525        315180.81304190069       0.41140529531568226       0.57378917378917382       0.76593344613649184        36885.118605805481        107222.54502053147        249206.12714920871     
   75.000000000000000       0.48739495798319327       0.63309776207302704       0.82021826536473286        34012.337149498104        87164.279902941285        179420.63951687951       0.73529411764705888       0.89045936395759717       0.97128087306145894        99863.732902521646        185401.06250756700        302500.87191989942       0.40966386554621848       0.57008244994110724       0.76737507179781739        33254.634220404623        97850.840663221694        236294.64288782535     
   76.000000000000000       0.47608695652173916       0.63043478260869568       0.81496758986446671        27146.122715775833        80737.679133034850        168091.60003271556       0.71086956521739131       0.88345410628019327       0.96935769004124928        92683.138021733888        171825.54555439641        294586.89973986894       0.40000000000000002       0.56642512077294682       0.75839717147908070        27317.559343302208        90217.608320191255        223435.28681847118     
   77.000000000000000       0.45124716553287980       0.61788617886178865       0.81095725466586399        23486.432280056230        73083.059596354607        154113.92237062048       0.69614512471655332       0.87617260787992490       0.96748946417820592        86605.530185667798        161030.78048500692        273332.88745079876       0.39455782312925169       0.55784865540963102       0.75075255869957858        22539.191958077601        79181.061509729989        208148.12587661072     
   78.000000000000000       0.44103773584905659       0.60077269800386346       0.80086580086580084        19909.747310395531        62885.085544319125        143941.66996287028       0.67688679245283023       0.86799742433998717       0.96474953617810766        80962.703433226867        145138.14423057751        257060.94015744340       0.39150943396226418       0.54861558274307787       0.74273345701917126        18630.350348022337        71243.078438080425        193092.37589546904     
   79.000000000000000       0.42643391521197005       0.58490566037735847       0.79068283343969370        16660.527229122181        54149.281577458343        128143.32134910359       0.66832917705735662       0.85377358490566035       0.96298659859604341        72106.120298582769        134228.77672611823        235888.37659518680       0.37655860349127179       0.53638814016172509       0.73324824505424380        14758.610146020395        59968.905145024546        176015.82372708281     
   80.000000000000000       0.41085271317829458       0.56403079076277118       0.76851851851851849        13635.194768085390        47616.725570910188        117284.77687932405       0.65891472868217049       0.84044786564030793       0.95502645502645500        60917.032156265777        122337.42324321978        224633.41840223141       0.37726098191214469       0.52204338698390484       0.71957671957671954        10690.412210025001        50886.904098792533        161284.95883376122     
   81.000000000000000       0.39726027397260272       0.54331864904552130       0.75718194254445970        7596.7059468108328        39461.245425397836        104685.96710659581       0.63287671232876708       0.82232011747430245       0.94870041039671682        48719.426710183121        108762.30445477788        206301.00834791263       0.35890410958904112       0.51248164464023493       0.71067031463748287        6780.5959778837987        42132.399631120512        144299.75683599556     
   82.000000000000000       0.36470588235294116       0.51244167962674958       0.73247496423462088        4581.4228341984526        30144.138824309819        95208.903525677175       0.61176470588235299       0.80015552099533438       0.93848354792560806        44142.654918889915        97970.330360496388        191178.31430336906       0.33823529411764708       0.49066874027993779       0.69742489270386265        4702.1947315668704        32896.637205551102        131015.68139289667     
   83.000000000000000       0.32268370607028751       0.49018003273322425       0.69161676646706582        2773.8914106689308        24880.668946216610        85899.797816357663       0.57827476038338654       0.78068739770867435       0.92589820359281438        30296.600572717423        86032.357787741799        169775.53572091094       0.31948881789137379       0.47790507364975449       0.67290419161676651        3018.0994472917750        27081.233941340630        117076.08506190305     
   84.000000000000000       0.31506849315068491       0.46017699115044247       0.66666666666666663        1951.0824619596201        19801.411473878547        70779.363218828265       0.55821917808219179       0.75132743362831855       0.91372549019607840        26668.535144891423        72263.944141142594        151103.49947965582       0.30479452054794520       0.46106194690265484       0.64000000000000001        1993.4013704513611        21481.893937405432        100278.24214127817     
   85.000000000000000       0.28888888888888886       0.43570057581573896       0.64076858813700921        1300.9026185808939        14341.897390552975        58176.432614942918       0.52592592592592591       0.72072936660268716       0.89306599832915623        19964.856851860444        63169.394445428370        135478.11358560761       0.29629629629629628       0.43570057581573896       0.62656641604010022        1356.9416526226219        16826.210815421826        83754.323180592750     
   86.000000000000000       0.26612903225806450       0.40229885057471265       0.60796460176991152        557.86189043568606        10309.959095917020        48971.164784883629       0.43951612903225806       0.68652037617554862       0.86902654867256635        13700.428166020542        51804.158553531182        118768.93018039783       0.27419354838709675       0.41065830721003133       0.60176991150442483        553.07427761756026        12647.375564676431        72178.611989030294     
   87.000000000000000       0.26548672566371684       0.36363636363636365       0.56596558317399615        345.06901805119713        6252.8415125060974        36989.718083281041       0.40707964601769914       0.62177328843995505       0.81070745697896751        9711.1122843112644        39902.577312481139        100418.11988544423       0.26548672566371684       0.36475869809203143       0.57839388145315485        330.48891246424978        7078.7005967863824        58005.566377654308     
   88.000000000000000       0.24489795918367346       0.32920792079207922       0.51727748691099473        211.19841087132701        3519.8740233223734        25028.520445126847       0.37244897959183676       0.55445544554455450       0.76544502617801047        3234.2282790919862        28355.505263745617        84105.652576791705       0.24489795918367346       0.34034653465346537       0.54031413612565449        199.76641438856896        4089.6822026363425        41376.808857747179     
   89.000000000000000       0.23391812865497075       0.29999999999999999       0.46712802768166090        179.31932574908785        573.26024316653513        17435.874725328562       0.33918128654970758       0.48194444444444445       0.71856978085351786        1604.6135741490425        20053.828334939470        69410.999508458190       0.22807017543859648       0.31527777777777777       0.49711649365628602        166.98613728730840        1152.5237229267409        30045.949210980099     
   90.000000000000000       0.21621621621621623       0.25235109717868337       0.42583120204603581        47.435512240740373        135.52507238431781        9357.8930711940011       0.31081081081081080       0.44200626959247646       0.66751918158567780        177.09308603144257        13732.656857006492        51396.715306236467       0.22297297297297297       0.28526645768025077       0.45524296675191817        81.308227008437854        232.15156309520387        19774.977112964567     
