   25.000000000000000        0.0000000000000000        0.0000000000000000        0.0000000000000000        8245.0169999999998        22101.279999999999        24273.080000000002        0.0000000000000000        0.0000000000000000        0.0000000000000000        0.0000000000000000        0.0000000000000000        0.0000000000000000     
   26.000000000000000        0.0000000000000000        0.0000000000000000       0.12024714828897339        9899.1939951564036        21369.463736698275        20327.560496332451        0.0000000000000000        0.0000000000000000       0.30087278761025049        1.0199999999999902        1.0199999999999845        1.0202470654592803     
   27.000000000000000        0.0000000000000000        0.0000000000000000       0.11644486692015209        12269.377214434178        18233.254983444691        19213.935741209683        0.0000000000000000        0.0000000000000000       0.27915395855325764        1.0199999999999902        1.0199999999999845        1.0198090101392159     
   28.000000000000000        0.0000000000000000        0.0000000000000000       8.22634331906799826E-002   14108.047795623801        17947.443652419031        16231.752108473920        0.0000000000000000        0.0000000000000000       0.38658345352580603        1.0199999999999902        1.0199999999999845        1.0199421569953520     
   29.000000000000000        0.0000000000000000        0.0000000000000000       0.10994764397905760        13952.620792450998        17446.854721387823        13288.480680457018        0.0000000000000000        0.0000000000000000       0.35621725061945775        1.0199999999999902        1.0199999999999845        1.0199316777518810     
   30.000000000000000        0.0000000000000000        0.0000000000000000       0.10476190476190476        13768.526177767766        17051.658934762188        11017.397493640583        0.0000000000000000        0.0000000000000000       0.37201036755175909        1.0199999999999902        1.0199999999999845        1.0209576160092442     
   31.000000000000000        0.0000000000000000        0.0000000000000000       0.10190476190476190        12086.989188120780        16602.419585588101        8812.7405062830148        0.0000000000000000        0.0000000000000000       0.44385980089850424        1.0199999999999902        1.0199999999999845        1.0204237659616595     
   32.000000000000000        0.0000000000000000        0.0000000000000000       0.10380952380952381        11718.461043442052        15892.816279834818        9298.5117532415352        0.0000000000000000        0.0000000000000000       0.50202838184646836        1.0199999999999902        1.0199999999999845        1.0201726384885914     
   33.000000000000000        0.0000000000000000        0.0000000000000000       0.10385898046688899        11734.524584216759        16018.965187301721        8563.9418849910471        0.0000000000000000        0.0000000000000000       0.59835698018101169        1.0199999999999902        1.0199999999999845        1.0185664076685295     
   34.000000000000000        0.0000000000000000        0.0000000000000000       0.10290614578370652        12706.947877103263        15056.084497466942        7744.3974478963682        0.0000000000000000        0.0000000000000000       0.64261228774348689        1.0199999999999902        1.0199999999999845        1.0209565618212457     
   35.000000000000000        0.0000000000000000        0.0000000000000000       0.12440419447092468        12213.418291212789        13788.048141132507        7056.9236695672244        0.0000000000000000        0.0000000000000000       0.58208568094686186        1.0199999999999902        1.0199999999999845        1.0207169225304740     
   36.000000000000000        0.0000000000000000        0.0000000000000000       0.13155386081982839        11618.404071520557        14129.403376568021        5967.4653025643229        0.0000000000000000        0.0000000000000000       0.67756783854845748        1.0199999999999902        1.0199999999999845        1.0194657674329932     
   37.000000000000000        0.0000000000000000        0.0000000000000000       0.13679694947569113        11876.465647366676        13260.865058197658        5947.7392178656082        0.0000000000000000        0.0000000000000000       0.68537137571147255        1.0199999999999902        1.0199999999999845        1.0213464191109562     
   38.000000000000000        0.0000000000000000        0.0000000000000000       0.15847255369928401        11469.447270178089        14441.340875745727        5504.2448410741199        0.0000000000000000        0.0000000000000000       0.63822738368498366        1.0199999999999902        1.0199999999999845        1.0215740738412342     
   39.000000000000000        0.0000000000000000        0.0000000000000000       0.16284622731614135        12164.504879293476        16831.193985718932        6293.1824926191402        0.0000000000000000        0.0000000000000000       0.79652850543528508        1.0199999999999902        1.0199999999999845        1.0199827820814986     
   40.000000000000000        0.0000000000000000        0.0000000000000000       0.17908309455587393        11639.664762022581        18002.408376390023        7315.1055606059126        0.0000000000000000        0.0000000000000000       0.83101569300272260        1.0199999999999902        1.0199999999999845        1.0212368201899451     
   41.000000000000000        0.0000000000000000        0.0000000000000000       0.19263862332695986        12453.809382306654        18291.785537762360        7471.0616082050001        0.0000000000000000        0.0000000000000000       0.82468649338301458        1.0199999999999902        1.0199999999999845        1.0212471434514794     
   42.000000000000000        0.0000000000000000        0.0000000000000000       0.20929118773946359        13359.338932318507        18535.820274677160        8991.4860266209362        0.0000000000000000        0.0000000000000000       0.74319757441181766        1.0199999999999902        1.0199999999999845        1.0191157583957009     
   43.000000000000000        0.0000000000000000        0.0000000000000000       0.22749042145593870        14958.411371119317        20590.482343244661        10898.658683257687        0.0000000000000000        0.0000000000000000       0.74859108555503895        1.0199999999999902        1.0199999999999845        1.0209830430972870     
   44.000000000000000        0.0000000000000000        0.0000000000000000       0.25107810253953045        14897.253566411287        21845.417446095369        15474.504274708102        0.0000000000000000        0.0000000000000000       0.74281820279884758        1.0199999999999902        1.0199999999999845        1.0199456667632656     
   45.000000000000000        0.0000000000000000        0.0000000000000000       0.28105515587529978        17211.650642457709        24840.244943853380        18616.490003524446        0.0000000000000000        0.0000000000000000       0.71793437264360893        1.0199999999999902        1.0199999999999845        1.0208714113796138     
   46.000000000000000        0.0000000000000000        0.0000000000000000       0.31156985117618818        16468.029859148894        27563.369181393577        23348.100724147956        0.0000000000000000        0.0000000000000000       0.72564092914104417        1.0199999999999902        1.0199999999999845        1.0223149236801938     
   47.000000000000000        0.0000000000000000        0.0000000000000000       0.32357177148343735        16491.702713511517        29269.025415739583        28304.090864184454        0.0000000000000000        0.0000000000000000       0.74392807230868607        1.0199999999999902        1.0199999999999845        1.0245170556897498     
   48.000000000000000        0.0000000000000000        0.0000000000000000       0.35573691790686512        18035.316815461752        30017.527938450592        34386.967861701705        0.0000000000000000        0.0000000000000000       0.74126890272328116        1.0199999999999905        1.0199999999999845        1.0201317839186539     
   49.000000000000000        0.0000000000000000        0.0000000000000000       0.42520442520442520        19721.493038028624        35394.564890672606        39784.860618957857        0.0000000000000000        0.0000000000000000       0.64053924948234953        1.0199999999999905        1.0199999999999845        1.0211101487949867     
   50.000000000000000        0.0000000000000000        0.0000000000000000       0.42822736030828518        20763.244544969712        38911.009167421231        48016.039447803851        0.0000000000000000        0.0000000000000000       0.68882071272174716        1.0199999999999905        1.0199999999999845        1.0237444803401616     
   51.000000000000000        0.0000000000000000        0.0000000000000000       0.44696239151398265        22872.168192626614        45909.182455696711        55016.361026117062        0.0000000000000000        0.0000000000000000       0.69118662457925906        1.0199999999999905        1.0199999999999845        1.0230768592005288     
   52.000000000000000        0.0000000000000000        0.0000000000000000       0.47124214596423392        25766.332249077077        50631.618803179255        65296.728558970695        0.0000000000000000        0.0000000000000000       0.70445671535335896        1.0199999999999905        1.0199999999999845        1.0245759459112045     
   53.000000000000000        0.0000000000000000        0.0000000000000000       0.46924939467312349        26964.154291991254        55081.163484809731        77667.370176110257        0.0000000000000000        0.0000000000000000       0.73738774510480243        1.0199999999999905        1.0199999999999845        1.0233370626610054     
   54.000000000000000        0.0000000000000000        0.0000000000000000       0.48740310077519378        29705.728564079101        60746.653274361583        87231.045093516615        0.0000000000000000        0.0000000000000000       0.70229771591018131        1.0199999999999905        1.0199999999999845        1.0220379163886890     
   55.000000000000000        0.0000000000000000        0.0000000000000000       0.51213592233009708        33215.497508958237        66332.846352669192        98607.763895961252        0.0000000000000000        0.0000000000000000       0.72147626623142591        1.0199999999999907        1.0199999999999845        1.0255137994086623     
   56.000000000000000        0.0000000000000000        0.0000000000000000       0.54629629629629628        34957.886696097237        72387.469471614691        112009.83768249769        0.0000000000000000        0.0000000000000000       0.61210464234268802        1.0199999999999907        1.0199999999999845        1.0216253152235280     
   57.000000000000000        0.0000000000000000        0.0000000000000000       0.56591796875000000        41890.085791312427        78925.818700849326        125670.37388646562        0.0000000000000000        0.0000000000000000       0.59671859305480279        1.0199999999999907        1.0199999999999845        1.0202480974520274     
   58.000000000000000        0.0000000000000000        0.0000000000000000       0.56995581737849776        48720.245654100574        86891.835652110996        136004.24203346667        0.0000000000000000        0.0000000000000000       0.63367810181410411        1.0199999999999907        1.0199999999999845        1.0231137617272075     
   59.000000000000000        0.0000000000000000        0.0000000000000000       0.60295566502463049        51098.306189872506        92093.128554123075        146585.63707096310        0.0000000000000000        0.0000000000000000       0.53191505887919133        1.0199999999999907        1.0199999999999847        1.0201800094016042     
   60.000000000000000        0.0000000000000000        0.0000000000000000       0.63092885375494068        58507.233785406308        97803.583163497577        157510.97590420430        0.0000000000000000        0.0000000000000000       0.42692122160877005        1.0199999999999909        1.0199999999999847        1.0183670624791867     
   61.000000000000000        0.0000000000000000        0.0000000000000000       0.63645418326693226        61307.692701415843        104427.63622374793        172877.35333900701        0.0000000000000000        0.0000000000000000       0.28078721651226768        1.0199999999999909        1.0199999999999847        1.0205754107391904     
   62.000000000000000        0.0000000000000000        0.0000000000000000       0.61988011988011993        64829.562905313913        109880.58716938697        185459.50412904110        0.0000000000000000        0.0000000000000000       0.15196445837124400        1.0199999999999909        1.0199999999999847        1.0194998560827861     
   63.000000000000000        0.0000000000000000        0.0000000000000000       0.63076152304609223        68308.444203438208        116208.52447970898        198596.65385168500        0.0000000000000000        0.0000000000000000       6.00884324553128540E-002   1.0199999999999911        1.0199999999999847        1.0204161000814898     
   64.000000000000000        0.0000000000000000        0.0000000000000000       0.52424242424242429        83786.933383263560        122847.11567455277        215643.94089045236        0.0000000000000000        0.0000000000000000       4.70616213809966627E-002   1.0199999999999911        1.0199999999999847        1.0203626329456101     
   65.000000000000000        0.0000000000000000        0.0000000000000000       0.43219908583037076        78199.737017023144        117188.62154688727        205442.03966728330        0.0000000000000000        0.0000000000000000       2.41548191509649499E-002   1.0199999999999914        1.0199999999999847        1.0201127937028871     
   66.000000000000000        0.0000000000000000        0.0000000000000000       0.44161142274349824        71909.979861762127        109368.20132577600        194722.33048170622        0.0000000000000000        0.0000000000000000       5.83804988097068392E-002   1.0199999999999914        1.0199999999999847        1.0204349029129907     
   67.000000000000000        0.0000000000000000        0.0000000000000000       0.35115681233933160        66385.250633494870        102539.65820822286        185233.86591997163        0.0000000000000000        0.0000000000000000       5.14741531481388154E-002   1.0199999999999916        1.0199999999999847        1.0199042422725280     
   68.000000000000000        0.0000000000000000        0.0000000000000000       0.24986985944820406        60648.498785711919        95371.328220492753        175969.30251727131        0.0000000000000000        0.0000000000000000       3.29127107642323211E-002   1.0199999999999918        1.0199999999999847        1.0202156784952605     
   69.000000000000000        0.0000000000000000        0.0000000000000000       0.20776495278069254        54564.036719961689        88266.660660481008        163956.94224464134        0.0000000000000000        0.0000000000000000       6.13357774994450766E-002   1.0199999999999918        1.0199999999999847        1.0199158576112015     
   70.000000000000000        0.0000000000000000        0.0000000000000000       0.21957671957671956        49044.779253743312        80289.244562792301        154425.51051651675        0.0000000000000000        0.0000000000000000       5.80615330906452121E-002   1.0199999999999920        1.0199999999999847        1.0201812547588260     
   71.000000000000000        0.0000000000000000        0.0000000000000000       9.58757364756293584E-002   45354.175722352084        74165.165208295264        142608.76262298756        0.0000000000000000        0.0000000000000000       5.14614696539634070E-002   1.0199999999999925        1.0199999999999849        1.0200069870468749     
   72.000000000000000        0.0000000000000000        0.0000000000000000       4.78001086366105360E-002   42020.530369805871        67347.856732739223        134007.27424923889        0.0000000000000000        0.0000000000000000       0.20814828913369715        1.0199999999999927        1.0199999999999849        1.0197815439535283     
   73.000000000000000        0.0000000000000000        0.0000000000000000       3.75483158475980114E-002   36846.551867877555        61386.020753802193        124420.06271944895        0.0000000000000000        0.0000000000000000       4.21970650048311413E-002   1.0199999999999929        1.0199999999999849        1.0199417028637567     
   74.000000000000000        0.0000000000000000        0.0000000000000000       2.31246474901297232E-002   31921.356493388659        55280.021725217644        114442.60230073561        0.0000000000000000        0.0000000000000000       0.15520271684879061        1.0199999999999934        1.0199999999999851        1.0200267046053593     
   75.000000000000000        0.0000000000000000        0.0000000000000000       1.72314761631246413E-003   26766.416469477306        49220.479704221187        107205.16392463841        0.0000000000000000        0.0000000000000000       0.11605517630808342        1.0199999999999938        1.0199999999999851        1.0200450111907726     
   76.000000000000000        0.0000000000000000        0.0000000000000000       3.53565114908662359E-003   20991.276140111106        44150.365977866095        97685.220561316935        0.0000000000000000        0.0000000000000000       0.19206848379793107        1.0199999999999942        1.0199999999999851        1.0200635823070330     
   77.000000000000000        0.0000000000000000        0.0000000000000000       5.41842263696568332E-003   17989.525981065188        38887.596501431370        89484.512988357179        0.0000000000000000        0.0000000000000000       5.94914713292460096E-002   1.0199999999999947        1.0199999999999854        1.0200255167162500     
   78.000000000000000        0.0000000000000000        0.0000000000000000        0.0000000000000000        14402.649301635922        33827.050769213252        79144.430468660605        0.0000000000000000        0.0000000000000000        0.0000000000000000        1.0199999999999951        1.0199999999999854        1.0199999999999854     
   79.000000000000000        0.0000000000000000        0.0000000000000000        0.0000000000000000        11043.405452484269        28114.577806814210        69709.519361379687        0.0000000000000000        0.0000000000000000        0.0000000000000000        1.0199999999999960        1.0199999999999856        1.0199999999999854     
   80.000000000000000        0.0000000000000000        0.0000000000000000        0.0000000000000000        8289.2713728037943        23782.761131019299        61693.916545705499        0.0000000000000000        0.0000000000000000        0.0000000000000000        1.0199999999999965        1.0199999999999858        1.0199999999999856     
   81.000000000000000        0.0000000000000000        0.0000000000000000        0.0000000000000000        4986.9277496822242        19646.227239165935        53504.791589169618        0.0000000000000000        0.0000000000000000        0.0000000000000000        1.0199999999999974        1.0199999999999860        1.0199999999999858     
   82.000000000000000        0.0000000000000000        0.0000000000000000        0.0000000000000000        2961.7159534737098        15214.567174311407        45846.987454196431        0.0000000000000000        0.0000000000000000        0.0000000000000000        1.0199999999999985        1.0199999999999863        1.0199999999999858     
   83.000000000000000        0.0000000000000000        0.0000000000000000        0.0000000000000000        1303.2115972872962        12065.305011126984        38032.976830154454        0.0000000000000000        0.0000000000000000        0.0000000000000000        1.0200000000000000        1.0199999999999865        1.0199999999999860     
   84.000000000000000        0.0000000000000000        0.0000000000000000       4.70588235294117606E-003   923.22357404601632        9320.6622379701184        31012.877767269511        0.0000000000000000        0.0000000000000000       0.41642304681459424        1.0200000000000014        1.0199999999999869        1.0202044847717808     
   85.000000000000000        0.0000000000000000        0.0000000000000000       1.67084377610693391E-003   607.50071695136739        6399.1069658741517        24808.487274102739        0.0000000000000000        0.0000000000000000       0.23272423751247898        1.0200000000000029        1.0199999999999874        1.0200819064325428     
   86.000000000000000        0.0000000000000000        0.0000000000000000        0.0000000000000000        550.95502502700367        4049.1500119629613        18721.110917820915        0.0000000000000000        0.0000000000000000        0.0000000000000000        1.0200000000000045        1.0199999999999878        1.0199999999999869     
   87.000000000000000        0.0000000000000000        0.0000000000000000        0.0000000000000000        206.15010209843996        2025.9812861171274        13642.599250252730        0.0000000000000000        0.0000000000000000        0.0000000000000000        1.0200000000000038        1.0199999999999882        1.0199999999999871     
   88.000000000000000        0.0000000000000000        0.0000000000000000        0.0000000000000000        47.918241405778190        359.51770895992286        8634.6934210611453        0.0000000000000000        0.0000000000000000        0.0000000000000000        1.0200000000000029        1.0199999999999889        1.0199999999999878     
   89.000000000000000        0.0000000000000000        0.0000000000000000       1.15340253748558250E-003   28.637823559878452        144.90910962533445        4978.4707404958317        0.0000000000000000        0.0000000000000000       0.98739537619680118        1.0200000000000018        1.0199999999999898        1.0198419315835763     
   90.000000000000000        0.0000000000000000        0.0000000000000000        0.0000000000000000        28.393877857969599       0.31601026682335942        1890.4087545116090        0.0000000000000000        0.0000000000000000        0.0000000000000000        1.0200000000000005        1.0199999999999907        1.0199999999999891     
