   25.000000000000000        0.0000000000000000        0.0000000000000000        0.0000000000000000        6.3798489473177282        117.00161601978316        412.74229721961331     
   26.000000000000000       0.23452321914327395        1.0167263569291103        2.0041628491801298        19.598571783185228        180.17468386953752        528.70005530474896     
   27.000000000000000       0.56278440291153764        2.1777489288577407        4.1991398145739902        51.775081350187847        253.58967280047904        593.43740997921429     
   28.000000000000000        1.0308021285559654        3.5043071721833638        6.4745655266898927        77.462297600743028        334.83977999510159        666.01062457521300     
   29.000000000000000        1.5830551574930063        4.9873708251089282        8.8235587222650764        141.41866096962872        410.09825481138046        702.26547916779418     
   30.000000000000000        2.3416013773483577        6.6196974648789588        11.209402714921241        204.89207244860665        476.56065442995401        784.22299937662649     
   31.000000000000000        3.2286796188768596        8.3760591568611478        13.713370689658150        290.48271342567074        542.09039891754196        833.82322613203735     
   32.000000000000000        4.3172640052227678        10.238829655023096        16.270204836408670        361.05085363214181        626.78964463280602        895.46558266302270     
   33.000000000000000        5.5297706912743418        12.262254682429070        18.918317288657693        382.08722542577414        685.71988802925830        891.00705532348195     
   34.000000000000000        6.8157382686359007        14.352346653883314        21.509443187906843        451.72570075743880        741.86839162755814        901.75002044151529     
   35.000000000000000        8.2531034224755189        16.544623314578804        24.045804172852780        488.26291682240577        784.46461775872717        952.20182619200216     
   36.000000000000000        9.7301977328086711        18.760363402505615        26.640776654415511        525.83279370143168        818.91224909085452        974.78871651872896     
   37.000000000000000        11.224867512482627        20.961170782893159        29.224927455417809        583.77191854341936        829.18792625945071        999.68900706566046     
   38.000000000000000        12.822768499213648        23.131215316756816        31.770033987236822        579.13116604333425        869.14249899211677        1024.3646873497828     
   39.000000000000000        14.379584366807782        25.330630293376604        34.290086408128346        618.47680573318598        897.47556531095506        1047.8945458310343     
   40.000000000000000        15.962464551647845        27.543737416117228        36.774556221314043        620.29918150675235        900.18821611274586        1055.3814077518780     
   41.000000000000000        17.529065862025799        29.707387123029736        39.215155587787024        602.77287947162915        922.90690361386521        1085.1802068555958     
   42.000000000000000        19.065286161154397        31.806143401542567        41.589953646896902        614.57016719069406        916.34383992486357        1099.4125015308884     
   43.000000000000000        20.532170884607510        33.843385217768578        43.970631496917306        629.48382198366812        965.54187614942964        1123.5140321845149     
   44.000000000000000        22.019256157533981        35.915585282882297        46.353044951600509        659.09389839968401        967.56117223435274        1138.7463456038276     
   45.000000000000000        23.539526313948773        37.924778340795669        48.697628004332422        691.58621492486031        995.04441793959268        1169.8352678428532     
   46.000000000000000        25.119253423190969        39.949687001929163        50.947547105642990        706.92332234321839        996.24560047728949        1200.1935379003032     
   47.000000000000000        26.557711817226963        41.769428259454166        53.231924899032798        717.79552820584479        1010.4593085380400        1219.1955892055817     
   48.000000000000000        28.125972256555858        43.608742308174762        55.467030286003421        738.78040496564768        983.77014335345882        1247.4535614639119     
   49.000000000000000        29.632906064139924        45.361324211965481        57.698569856104413        763.03537921521786        989.61755654321951        1243.8289276111500     
   50.000000000000000        31.201326389685789        47.040931471157229        59.809040634911099        775.71439658471559        1005.1245031334417        1273.8706934250781     
   51.000000000000000        32.596865098229422        48.667966542240279        61.872279486851340        807.61066468434205        985.81278563841443        1251.6850311680219     
   52.000000000000000        34.134536584451240        50.138016724064506        63.780781454184343        768.26744184869460        973.71657264164594        1226.0173333013320     
   53.000000000000000        35.448559292819432        51.593211618495317        65.564624494773739        774.45105704624530        977.55484879619542        1250.1667286312147     
   54.000000000000000        36.688939943674121        52.968383723269667        67.254183812241436        802.03022610193193        999.86107468552393        1248.4824824098785     
   55.000000000000000        37.980411265140773        54.317613316697013        68.824751456022256        809.69566245287274        1004.0743763771133        1235.3158347702745     
   56.000000000000000        39.098436720515551        55.610107369209359        70.338696567695109        797.63016658475976        978.23332925839475        1208.1884020968002     
   57.000000000000000        40.280423920260532        56.596809389025097        71.663002224771844        775.90812629365314        918.25372901836533        1163.0978912505084     
   58.000000000000000        41.109733798681432        57.550662203053804        72.827409223238860        770.90859402951151        908.22981097578565        1149.6757758296076     
   59.000000000000000        41.979084376828588        58.387979135173971        73.852414414111848        731.60639364968824        870.08725007621740        1113.7647339200582     
   60.000000000000000        42.812924343635487        58.963114069670105        74.761461944293302        687.12205823932663        843.11887013023443        1050.7685247790189     
   61.000000000000000        42.990409185787698        59.430907362738807        75.384883395845563        614.40670266004872        785.65279146328783        1007.3403488581912     
   62.000000000000000        43.020819972077341        59.840296190674231        75.927068339983705        546.42725379873275        737.80981548381931        958.32231416409127     
   63.000000000000000        43.218826568322910        60.020653190585207        76.274671568760795        524.47767241023587        706.67727872628222        936.97611332573388     
   64.000000000000000        43.479165683859648        60.233321163799047        76.516110247599997        496.37197513775249        667.16015702888706        892.43311922916382     
   65.000000000000000        43.634433182979031        60.354928454769578        76.675414880690880        476.17758734981101        652.32966618267267        870.04904488068246     
   66.000000000000000        43.543751195270403        60.214231069155481        76.704768315540917        452.47741895885798        620.52362649539748        845.48451769349833     
   67.000000000000000        43.702718221819197        60.110775715923175        76.631464005566514        437.86694805586512        595.87019485291921        829.18646026893634     
   68.000000000000000        43.475348639760249        59.812080122966293        76.635892560593675        417.28090424208870        580.33967527514017        813.54517111465043     
   69.000000000000000        42.986148680003332        59.479674200188221        76.557334623485346        400.42783021987344        569.51104829404198        797.09467035375280     
   70.000000000000000        42.699220977298147        58.979326068754489        76.444262095194105        389.96735982083720        544.90155453057537        770.10488783001415     
   71.000000000000000        43.047166487383052        58.519752960164922        76.198563569977523        377.56074635245460        532.62411195697121        756.77524818759252     
   72.000000000000000        42.740106453028631        58.149762882115688        75.959088053703283        362.41992956315914        522.66033831296522        743.65073792382270     
   73.000000000000000        42.149746985973046        57.852934725464394        75.662657239806435        341.90985354267565        507.48386542541255        727.82180218216195     
   74.000000000000000        41.476331494925944        57.161019377204831        75.234280843601539        321.47819350557415        480.38806800175206        709.20651556953624     
   75.000000000000000        41.023240006496948        56.496861319130396        75.150535321269473        308.06498828302335        453.24924655053337        694.96827843116228     
   76.000000000000000        40.414870130448435        56.209493352325175        74.523563738700062        288.22159573763804        430.36566135931042        670.59159794398215     
   77.000000000000000        39.962551634085727        55.410315743633738        73.850569138366552        277.38386472808600        410.19927257825475        629.69510914289742     
   78.000000000000000        39.385660321915445        54.477384855604505        72.921621706363439        257.08630056299467        379.75755526857398        613.29673876369395     
   79.000000000000000        38.189950465301628        53.477736654347368        71.978992243176222        228.07897926541909        352.43151088155423        574.42074827988574     
   80.000000000000000        37.672025492999794        52.751220113113114        70.918913963200112        211.45580593947267        330.41908664117625        538.58248436089275     
   81.000000000000000        36.420181214221238        51.898824995085363        69.648353096912913        197.40581699598849        304.53246343351850        505.51323947799835     
   82.000000000000000        35.375812107693349        50.637135451011325        68.431019133900136        182.64642227604654        276.45374790374427        469.15680279985412     
   83.000000000000000        33.759815499941759        49.775734833269965        66.842086701197218        166.35522944361131        249.62058430871880        429.94700017633511     
   84.000000000000000        34.005187909847088        48.665501755175534        65.149353476651754        153.46948779770270        221.64520864356157        384.13262487212080     
   85.000000000000000        33.510746805897604        47.539152178509084        63.645782238002170        124.76919389308971        190.26281142387685        353.61842657080831     
   86.000000000000000        31.427052049319840        46.596837422376012        61.985970069080942        106.58572097549191        164.09076156140080        309.25668710435758     
   87.000000000000000        31.331620848871381        44.789076943809853        60.171196692386467        98.753241691459124        135.15215525129290        264.72554307571676     
   88.000000000000000        29.846009741836149        43.257145338663989        58.302161713240366        77.404141340765634        105.52970161991026        219.70199905244613     
   89.000000000000000        29.255260961634754        41.481105908094818        56.164306991571983        58.889313573316670        84.310866701523281        187.96567890721624     
   90.000000000000000        28.723203133358538        39.848310138331605        53.477122727353240        41.996012427686587        56.978908742695673        148.41547935700109     
         110   0.0000000000000000        0.0000000000000000        0.0000000000000000        9275.0424408273357        14442.813070548593        19608.607359693746     
         110   0.0000000000000000        0.0000000000000000        0.0000000000000000        15102.077997579192        22830.039853713228        30739.311606814525     
         110   0.0000000000000000        0.0000000000000000        0.0000000000000000        25882.216731376375        38397.031899855712        51954.168197151615     
