           1   2.0212548665511476        3.3323437917263492        1.8505057104964033       0.41815550503557225     
           2   3.7548500814346046        2.1183126035561894        1.6476126233149311       0.36325420251522356     
           3   3.3262678297278208        2.2853382292217406        1.4779204455154078       0.29942203325092653     
           4   2.5005197661109877        2.5091559642445733        1.9863200305199464       0.48839838001849167     
           5   3.6496083074788888        2.2152186047655564        1.4577848426180504       0.27770175714846496     
           6   2.5036770338526639        2.4868267950872585        2.0501771011752901       0.47024823856063402     
           7   4.3168954680705811        1.9416345080176081        1.4266984284188522       0.23618696429731934     
           8   2.4894802102316844        2.4464995025524030        2.0792539236407173       0.46284410887650262     
           9   2.8247388623951148        2.4866147236362455        1.8105981288810482       0.41626848809610179     
          10   3.0379758644560115        2.4562329408172041        1.6101829843789359       0.36977886977886981     
          11   1.9923423974603600        2.3081612222171550        1.9038436327554682       0.52795128617279174     
          12   4.5020472986918385        2.2489405407031540        1.5022889208163324       0.27850714413490069     
          13   3.0076672917021434        2.4302375509728660        1.6793747472376888       0.38241634219287846     
          14   3.0252627725092367        2.4500168994731939        1.5472816513711141       0.39355758944490665     
          15   3.1795580106897159        2.3507509982383308        1.4707689503876713       0.35808336610458208     
