           1   125194.15958282507        235167.00933486078        412368.60048356716        3.2938325706061011     
           2   4.0771366996384515        6.3017147577858355        9.0109108250860999        2.2101076046543060     
           3  0.29069767441860467       0.17705242334322452       8.98933468765870936E-002  0.30923311325545960     
           4  0.48501654301007446       0.66134939736322218       0.79804831452870184        1.6454043187391347     
           5  0.48504983388704320       0.29970326409495551       0.15490096495683087       0.31935061953428828     
           1   108783.18784771563        191395.23307605373        360725.08392686414        3.3160003035748424     
           2   3.4230083601396450        4.9452514430794903        7.5966406839335434        2.2192877973641965     
           3  0.35548172757475083       0.27101879327398615       0.15845606907059420       0.44575025037615751     
           4  0.46554814831049157       0.61810353749054103       0.76602474240153973        1.6454253876457243     
           5  0.51495016611295685       0.34915924826904055       0.19197562214321992       0.37280427267812383     
           1   173150.47286813243        282963.28458281700        436800.43313417077        2.5226638189248742     
           2   5.4484109899358524        7.3111778644228087        9.1987391200651647        1.6883342936237391     
           3  0.25249169435215946       0.14292779426310584       7.36414423565261572E-002  0.29165887038571547     
           4  0.79190390413506739       0.88647646978073924       0.92819873444343903        1.1721103148963958     
           5   1.0000000000000000        1.0000000000000000        1.0000000000000000        1.0000000000000000     
           6   17112.702591646841        46332.550830144377        83510.934636598162        0.0000000000000000     
           7   27480.638421112031        37009.879364722132        45979.503294923641        0.0000000000000000     
           8   28010.738590085093        38011.479182676158        47211.614623372989        0.0000000000000000     
