           1   194113.83827517944        319102.97871364967        474037.42677154852        2.4420589020528465     
           2   6.3216100221977953        8.5509270875229593        10.358472918119103        1.6385814502549521     
           3  0.19102990033222592       7.27002967359050428E-002  2.08227526663280864E-002  0.10900258352286528     
           4  0.80461065264824128       0.93637163081139008       0.96626242939671803        1.2009068314176887     
           5  0.12126245847176080       2.32443125618199790E-002  5.07872016251904521E-003  4.18820484635132190E-002
           1   177945.01164536853        280858.35909799696        424714.74371050723        2.3867752165873175     
           2   5.5992775589544728        7.2567910041855699        8.9442221927427443        1.5973886092570946     
           3  0.23255813953488372       0.12215628090999010       4.77399695276790256E-002  0.20528186896901982     
           4  0.80352107230074599       0.92643515256801579       0.96607511487672004        1.2023021525876456     
           5  0.11461794019933555       2.76953511374876359E-002  7.11020822752666311E-003  6.20339906227688545E-002
           1   164678.68691838387        271539.15508004208        416552.81744607724        2.5294883341675192     
           2   5.1818349251500120        7.0160023158913809        8.7723372202737782        1.6929017128078085     
           3  0.25913621262458469       0.14342235410484669       6.19603859827323536E-002  0.23910354077951845     
           4  0.76779403136110291       0.89409820748945434       0.94600998928753366        1.2321142788913053     
           5  0.13289036544850499       4.69831849653808142E-002  1.87912646013204676E-002  0.14140426612493651     
           6   15340.913899698862        50829.374127788309        169566.23565765398        0.0000000000000000     
           7   27480.638421112031        37009.879364722132        45979.503294923641        0.0000000000000000     
           8   27971.458079927430        38062.142388511107        47599.044787094645        0.0000000000000000     
